date,광진구_y,동대문구_y,성동구_y,중랑구_y
2022-01-01,1.4463636363636363,0.9701818181818183,1.0883636363636364,0.6763636363636363
2022-01-02,1.4463636363636363,0.9701818181818183,1.0883636363636364,0.6763636363636363
2022-01-03,1.8699999999999999,1.3179999999999998,1.7041176470588235,0.8489411764705882
2022-01-04,1.8699999999999999,1.3179999999999998,1.7041176470588235,0.8489411764705882
2022-01-05,1.8699999999999999,1.3179999999999998,1.7041176470588235,0.8489411764705882
2022-01-06,1.8699999999999999,1.3179999999999998,1.7041176470588235,0.8489411764705882
2022-01-07,1.8699999999999999,1.3179999999999998,1.7041176470588235,0.8489411764705882
2022-01-08,1.4463636363636363,0.9701818181818183,1.0883636363636364,0.6763636363636363
2022-01-09,1.4463636363636363,0.9701818181818183,1.0883636363636364,0.6763636363636363
2022-01-10,1.7995999999999999,1.2471999999999999,1.6454,0.8248
2022-01-11,1.7995999999999999,1.2471999999999999,1.6454,0.8248
2022-01-12,1.7995999999999999,1.2471999999999999,1.6454,0.8248
2022-01-13,1.7995999999999999,1.2471999999999999,1.6454,0.8248
2022-01-14,1.7995999999999999,1.2471999999999999,1.6454,0.8248
2022-01-15,1.6925,1.19425,1.27925,0.8574999999999999
2022-01-16,1.6925,1.19425,1.27925,0.8574999999999999
2022-01-17,2.1955999999999998,1.5213,1.9609999999999999,0.9545
2022-01-18,2.1955999999999998,1.5213,1.9609999999999999,0.9545
2022-01-19,2.1955999999999998,1.5213,1.9609999999999999,0.9545
2022-01-20,2.1955999999999998,1.5213,1.9609999999999999,0.9545
2022-01-21,2.1955999999999998,1.5213,1.9609999999999999,0.9545
2022-01-22,2.351,1.5965,2.01325,1.1672500000000001
2022-01-23,2.351,1.5965,2.01325,1.1672500000000001
2022-01-24,2.3181052631578947,1.6745263157894736,2.1172631578947367,1.1196842105263158
2022-01-25,2.3181052631578947,1.6745263157894736,2.1172631578947367,1.1196842105263158
2022-01-26,2.3181052631578947,1.6745263157894736,2.1172631578947367,1.1196842105263158
2022-01-27,2.3181052631578947,1.6745263157894736,2.1172631578947367,1.1196842105263158
2022-01-28,2.3181052631578947,1.6745263157894736,2.1172631578947367,1.1196842105263158
2022-01-29,1.9371111111111112,1.2957777777777777,1.6086666666666667,0.9968888888888888
2022-01-30,1.9371111111111112,1.2957777777777777,1.6086666666666667,0.9968888888888888
2022-01-31,2.08075,1.45125,1.713,1.07825
2022-02-01,2.08075,1.45125,1.713,1.07825
2022-02-02,2.08075,1.45125,1.713,1.07825
2022-02-03,2.4076999999999997,1.7178,2.1149,1.1385999999999998
2022-02-04,2.4076999999999997,1.7178,2.1149,1.1385999999999998
2022-02-05,2.08075,1.45125,1.713,1.07825
2022-02-06,2.08075,1.45125,1.713,1.07825
2022-02-07,2.2062666666666666,1.5448,1.9582666666666666,0.9977333333333332
2022-02-08,2.2062666666666666,1.5448,1.9582666666666666,0.9977333333333332
2022-02-09,2.2062666666666666,1.5448,1.9582666666666666,0.9977333333333332
2022-02-10,2.2062666666666666,1.5448,1.9582666666666666,0.9977333333333332
2022-02-11,2.2062666666666666,1.5448,1.9582666666666666,0.9977333333333332
2022-02-12,2.310923076923077,1.577230769230769,2.061230769230769,1.2573846153846153
2022-02-13,2.310923076923077,1.577230769230769,2.061230769230769,1.2573846153846153
2022-02-14,2.5473333333333334,1.787111111111111,2.238777777777778,1.172888888888889
2022-02-15,2.5473333333333334,1.787111111111111,2.238777777777778,1.172888888888889
2022-02-16,2.5473333333333334,1.787111111111111,2.238777777777778,1.172888888888889
2022-02-17,2.5473333333333334,1.787111111111111,2.238777777777778,1.172888888888889
2022-02-18,2.5473333333333334,1.787111111111111,2.238777777777778,1.172888888888889
2022-02-19,2.4086,1.5644,2.1852,1.19
2022-02-20,2.4086,1.5644,2.1852,1.19
2022-02-21,2.9507,2.1069,2.6952,1.3721
2022-02-22,2.9507,2.1069,2.6952,1.3721
2022-02-23,2.9507,2.1069,2.6952,1.3721
2022-02-24,2.9507,2.1069,2.6952,1.3721
2022-02-25,2.9507,2.1069,2.6952,1.3721
2022-02-26,3.4842500000000003,2.202,3.0692500000000003,1.61625
2022-02-27,3.4842500000000003,2.202,3.0692500000000003,1.61625
2022-02-28,3.4352941176470586,2.4368235294117646,3.1270588235294117,1.604
2022-03-01,3.0045454545454544,1.915090909090909,2.6180000000000003,1.4254545454545455
2022-03-02,3.4352941176470586,2.4368235294117646,3.1270588235294117,1.604
2022-03-03,3.4352941176470586,2.4368235294117646,3.1270588235294117,1.604
2022-03-04,3.4352941176470586,2.4368235294117646,3.1270588235294117,1.604
2022-03-05,3.0045454545454544,1.915090909090909,2.6180000000000003,1.4254545454545455
2022-03-06,3.0045454545454544,1.915090909090909,2.6180000000000003,1.4254545454545455
2022-03-07,4.0509,2.8582,3.6871,1.9327
2022-03-08,4.0509,2.8582,3.6871,1.9327
2022-03-09,4.0509,2.8582,3.6871,1.9327
2022-03-10,4.0509,2.8582,3.6871,1.9327
2022-03-11,4.0509,2.8582,3.6871,1.9327
2022-03-12,5.1922500000000005,2.926,4.4455,2.19075
2022-03-13,5.1922500000000005,2.926,4.4455,2.19075
2022-03-14,4.763,3.1513,4.0978,2.1698999999999997
2022-03-15,4.763,3.1513,4.0978,2.1698999999999997
2022-03-16,4.763,3.1513,4.0978,2.1698999999999997
2022-03-17,4.763,3.1513,4.0978,2.1698999999999997
2022-03-18,4.763,3.1513,4.0978,2.1698999999999997
2022-03-19,3.6745,2.28325,3.2272499999999997,1.725
2022-03-20,3.6745,2.28325,3.2272499999999997,1.725
2022-03-21,4.9726,3.3467,4.2794,2.2879
2022-03-22,4.9726,3.3467,4.2794,2.2879
2022-03-23,4.9726,3.3467,4.2794,2.2879
2022-03-24,4.9726,3.3467,4.2794,2.2879
2022-03-25,4.9726,3.3467,4.2794,2.2879
2022-03-26,4.2655,2.22075,3.504,1.68075
2022-03-27,4.2655,2.22075,3.504,1.68075
2022-03-28,6.415900000000001,4.1591000000000005,5.5889,2.9165
2022-03-29,6.415900000000001,4.1591000000000005,5.5889,2.9165
2022-03-30,6.415900000000001,4.1591000000000005,5.5889,2.9165
2022-03-31,6.415900000000001,4.1591000000000005,5.5889,2.9165
2022-04-01,6.415900000000001,4.1591000000000005,5.5889,2.9165
2022-04-02,4.85475,2.75825,4.43825,2.15725
2022-04-03,4.85475,2.75825,4.43825,2.15725
2022-04-04,6.883,4.4404,6.029,3.2048
2022-04-05,6.883,4.4404,6.029,3.2048
2022-04-06,6.883,4.4404,6.029,3.2048
2022-04-07,6.883,4.4404,6.029,3.2048
2022-04-08,6.883,4.4404,6.029,3.2048
2022-04-09,6.555,3.8405000000000005,6.002,3.09475
2022-04-10,6.555,3.8405000000000005,6.002,3.09475
2022-04-11,6.051,4.0213,5.3798,2.8697
2022-04-12,6.051,4.0213,5.3798,2.8697
2022-04-13,6.051,4.0213,5.3798,2.8697
2022-04-14,6.051,4.0213,5.3798,2.8697
2022-04-15,6.051,4.0213,5.3798,2.8697
2022-04-16,5.94475,3.52725,5.0625,2.7695
2022-04-17,5.94475,3.52725,5.0625,2.7695
2022-04-18,7.5732,4.948,6.4009,3.5466
2022-04-19,7.5732,4.948,6.4009,3.5466
2022-04-20,7.5732,4.948,6.4009,3.5466
2022-04-21,7.5732,4.948,6.4009,3.5466
2022-04-22,7.5732,4.948,6.4009,3.5466
2022-04-23,7.496,4.33875,6.44525,3.495
2022-04-24,7.496,4.33875,6.44525,3.495
2022-04-25,6.3536,4.3545,5.4399,3.0967
2022-04-26,6.3536,4.3545,5.4399,3.0967
2022-04-27,6.3536,4.3545,5.4399,3.0967
2022-04-28,6.3536,4.3545,5.4399,3.0967
2022-04-29,6.3536,4.3545,5.4399,3.0967
2022-04-30,7.397,4.10475,6.48275,3.342
2022-05-01,7.397,4.10475,6.48275,3.342
2022-05-02,7.724555555555556,4.727666666666667,6.451888888888889,3.4005555555555556
2022-05-03,7.724555555555556,4.727666666666667,6.451888888888889,3.4005555555555556
2022-05-04,7.724555555555556,4.727666666666667,6.451888888888889,3.4005555555555556
2022-05-05,9.269400000000001,5.021,7.6884,4.1812
2022-05-06,7.724555555555556,4.727666666666667,6.451888888888889,3.4005555555555556
2022-05-07,9.269400000000001,5.021,7.6884,4.1812
2022-05-08,9.269400000000001,5.021,7.6884,4.1812
2022-05-09,8.898842105263158,5.725894736842105,7.365052631578948,4.2665263157894735
2022-05-10,8.898842105263158,5.725894736842105,7.365052631578948,4.2665263157894735
2022-05-11,8.898842105263158,5.725894736842105,7.365052631578948,4.2665263157894735
2022-05-12,8.898842105263158,5.725894736842105,7.365052631578948,4.2665263157894735
2022-05-13,8.898842105263158,5.725894736842105,7.365052631578948,4.2665263157894735
2022-05-14,5.607555555555556,2.822,4.463777777777778,2.4395555555555557
2022-05-15,5.607555555555556,2.822,4.463777777777778,2.4395555555555557
2022-05-16,6.784315789473683,4.5267368421052625,5.675789473684211,3.3876842105263156
2022-05-17,6.784315789473683,4.5267368421052625,5.675789473684211,3.3876842105263156
2022-05-18,6.784315789473683,4.5267368421052625,5.675789473684211,3.3876842105263156
2022-05-19,6.784315789473683,4.5267368421052625,5.675789473684211,3.3876842105263156
2022-05-20,6.784315789473683,4.5267368421052625,5.675789473684211,3.3876842105263156
2022-05-21,8.679777777777778,5.404,7.466,4.499333333333333
2022-05-22,8.679777777777778,5.404,7.466,4.499333333333333
2022-05-23,7.885473684210527,5.4607368421052636,6.6250526315789475,4.034526315789474
2022-05-24,7.885473684210527,5.4607368421052636,6.6250526315789475,4.034526315789474
2022-05-25,7.885473684210527,5.4607368421052636,6.6250526315789475,4.034526315789474
2022-05-26,7.885473684210527,5.4607368421052636,6.6250526315789475,4.034526315789474
2022-05-27,7.885473684210527,5.4607368421052636,6.6250526315789475,4.034526315789474
2022-05-28,7.647777777777778,4.370222222222222,6.233111111111111,3.623555555555556
2022-05-29,7.647777777777778,4.370222222222222,6.233111111111111,3.623555555555556
2022-05-30,8.218399999999999,5.6071,6.9818,4.1278
2022-05-31,8.218399999999999,5.6071,6.9818,4.1278
2022-06-01,8.218399999999999,5.6071,6.9818,4.1278
2022-06-02,8.218399999999999,5.6071,6.9818,4.1278
2022-06-03,8.218399999999999,5.6071,6.9818,4.1278
2022-06-04,9.79925,5.67875,7.97925,4.64025
2022-06-05,9.79925,5.67875,7.97925,4.64025
2022-06-06,8.278,4.9438,6.539,4.0607999999999995
2022-06-07,8.932444444444444,6.341666666666667,7.466444444444444,4.64211111111111
2022-06-08,8.932444444444444,6.341666666666667,7.466444444444444,4.64211111111111
2022-06-09,8.932444444444444,6.341666666666667,7.466444444444444,4.64211111111111
2022-06-10,8.932444444444444,6.341666666666667,7.466444444444444,4.64211111111111
2022-06-11,8.278,4.9438,6.539,4.0607999999999995
2022-06-12,8.278,4.9438,6.539,4.0607999999999995
2022-06-13,8.7316,6.1091,6.973699999999999,4.417
2022-06-14,8.7316,6.1091,6.973699999999999,4.417
2022-06-15,8.7316,6.1091,6.973699999999999,4.417
2022-06-16,8.7316,6.1091,6.973699999999999,4.417
2022-06-17,8.7316,6.1091,6.973699999999999,4.417
2022-06-18,9.2585,5.702999999999999,7.2265,4.54125
2022-06-19,9.2585,5.702999999999999,7.2265,4.54125
2022-06-20,9.3063,6.5812,7.7124,4.7084
2022-06-21,9.3063,6.5812,7.7124,4.7084
2022-06-22,9.3063,6.5812,7.7124,4.7084
2022-06-23,9.3063,6.5812,7.7124,4.7084
2022-06-24,9.3063,6.5812,7.7124,4.7084
2022-06-25,9.011,5.53175,7.215,4.449
2022-06-26,9.011,5.53175,7.215,4.449
2022-06-27,7.9906999999999995,5.6701999999999995,6.6497,4.0479
2022-06-28,7.9906999999999995,5.6701999999999995,6.6497,4.0479
2022-06-29,7.9906999999999995,5.6701999999999995,6.6497,4.0479
2022-06-30,7.9906999999999995,5.6701999999999995,6.6497,4.0479
2022-07-01,7.9906999999999995,5.6701999999999995,6.6497,4.0479
2022-07-02,6.61675,4.01,5.10325,3.3135
2022-07-03,6.61675,4.01,5.10325,3.3135
2022-07-04,8.7202,6.2854,7.204600000000001,4.616
2022-07-05,8.7202,6.2854,7.204600000000001,4.616
2022-07-06,8.7202,6.2854,7.204600000000001,4.616
2022-07-07,8.7202,6.2854,7.204600000000001,4.616
2022-07-08,8.7202,6.2854,7.204600000000001,4.616
2022-07-09,8.908,5.5295000000000005,7.051,4.39775
2022-07-10,8.908,5.5295000000000005,7.051,4.39775
2022-07-11,8.2697,6.1151,6.8450999999999995,4.457
2022-07-12,8.2697,6.1151,6.8450999999999995,4.457
2022-07-13,8.2697,6.1151,6.8450999999999995,4.457
2022-07-14,8.2697,6.1151,6.8450999999999995,4.457
2022-07-15,8.2697,6.1151,6.8450999999999995,4.457
2022-07-16,8.17425,5.18175,6.30325,4.2145
2022-07-17,8.17425,5.18175,6.30325,4.2145
2022-07-18,7.952299999999999,5.8742,6.7208,4.2636
2022-07-19,7.952299999999999,5.8742,6.7208,4.2636
2022-07-20,7.952299999999999,5.8742,6.7208,4.2636
2022-07-21,7.952299999999999,5.8742,6.7208,4.2636
2022-07-22,7.952299999999999,5.8742,6.7208,4.2636
2022-07-23,6.86175,4.489,5.14525,3.6215
2022-07-24,6.86175,4.489,5.14525,3.6215
2022-07-25,6.8743,5.072100000000001,5.6789000000000005,3.7734
2022-07-26,6.8743,5.072100000000001,5.6789000000000005,3.7734
2022-07-27,6.8743,5.072100000000001,5.6789000000000005,3.7734
2022-07-28,6.8743,5.072100000000001,5.6789000000000005,3.7734
2022-07-29,6.8743,5.072100000000001,5.6789000000000005,3.7734
2022-07-30,6.0465,4.121,4.78775,3.2640000000000002
2022-07-31,6.0465,4.121,4.78775,3.2640000000000002
2022-08-01,6.967699999999999,5.0511,5.7665,3.7133000000000003
2022-08-02,6.967699999999999,5.0511,5.7665,3.7133000000000003
2022-08-03,6.967699999999999,5.0511,5.7665,3.7133000000000003
2022-08-04,6.967699999999999,5.0511,5.7665,3.7133000000000003
2022-08-05,6.967699999999999,5.0511,5.7665,3.7133000000000003
2022-08-06,5.50875,3.53575,4.092499999999999,2.8195
2022-08-07,5.50875,3.53575,4.092499999999999,2.8195
2022-08-08,6.7505,4.9968,5.3914,3.6091
2022-08-09,6.7505,4.9968,5.3914,3.6091
2022-08-10,6.7505,4.9968,5.3914,3.6091
2022-08-11,6.7505,4.9968,5.3914,3.6091
2022-08-12,6.7505,4.9968,5.3914,3.6091
2022-08-13,6.22225,4.1385,4.96525,3.184
2022-08-14,6.22225,4.1385,4.96525,3.184
2022-08-15,6.2232,3.6656,4.8956,2.9859999999999998
2022-08-16,7.1804444444444435,5.351222222222223,5.925111111111111,3.9613333333333336
2022-08-17,7.1804444444444435,5.351222222222223,5.925111111111111,3.9613333333333336
2022-08-18,7.1804444444444435,5.351222222222223,5.925111111111111,3.9613333333333336
2022-08-19,7.1804444444444435,5.351222222222223,5.925111111111111,3.9613333333333336
2022-08-20,6.2232,3.6656,4.8956,2.9859999999999998
2022-08-21,6.2232,3.6656,4.8956,2.9859999999999998
2022-08-22,7.0521,5.0964,5.8808,3.7097
2022-08-23,7.0521,5.0964,5.8808,3.7097
2022-08-24,7.0521,5.0964,5.8808,3.7097
2022-08-25,7.0521,5.0964,5.8808,3.7097
2022-08-26,7.0521,5.0964,5.8808,3.7097
2022-08-27,8.6175,5.21225,6.9515,4.187749999999999
2022-08-28,8.6175,5.21225,6.9515,4.187749999999999
2022-08-29,7.396800000000001,5.2864,6.1022,3.8165999999999998
2022-08-30,7.396800000000001,5.2864,6.1022,3.8165999999999998
2022-08-31,7.396800000000001,5.2864,6.1022,3.8165999999999998
2022-09-01,7.396800000000001,5.2864,6.1022,3.8165999999999998
2022-09-02,7.396800000000001,5.2864,6.1022,3.8165999999999998
2022-09-03,9.28875,5.46775,7.49425,4.2275
2022-09-04,9.28875,5.46775,7.49425,4.2275
2022-09-05,7.148300000000001,5.125,6.0332,3.5837000000000003
2022-09-06,7.148300000000001,5.125,6.0332,3.5837000000000003
2022-09-07,7.148300000000001,5.125,6.0332,3.5837000000000003
2022-09-08,7.148300000000001,5.125,6.0332,3.5837000000000003
2022-09-09,7.9505,4.8925,6.67775,3.8725
2022-09-10,7.9505,4.8925,6.67775,3.8725
2022-09-11,7.9505,4.8925,6.67775,3.8725
2022-09-12,8.504888888888889,6.179777777777778,7.216555555555555,4.441555555555556
2022-09-13,8.504888888888889,6.179777777777778,7.216555555555555,4.441555555555556
2022-09-14,8.504888888888889,6.179777777777778,7.216555555555555,4.441555555555556
2022-09-15,8.504888888888889,6.179777777777778,7.216555555555555,4.441555555555556
2022-09-16,8.504888888888889,6.179777777777778,7.216555555555555,4.441555555555556
2022-09-17,7.5813999999999995,4.5596000000000005,6.4134,3.8263999999999996
2022-09-18,7.5813999999999995,4.5596000000000005,6.4134,3.8263999999999996
2022-09-19,9.581529411764706,6.513411764705883,7.847294117647059,4.885411764705882
2022-09-20,9.581529411764706,6.513411764705883,7.847294117647059,4.885411764705882
2022-09-21,9.581529411764706,6.513411764705883,7.847294117647059,4.885411764705882
2022-09-22,9.581529411764706,6.513411764705883,7.847294117647059,4.885411764705882
2022-09-23,9.581529411764706,6.513411764705883,7.847294117647059,4.885411764705882
2022-09-24,9.54709090909091,6.241272727272727,8.341636363636363,5.335090909090909
2022-09-25,9.54709090909091,6.241272727272727,8.341636363636363,5.335090909090909
2022-09-26,10.042444444444445,7.146111111111111,8.252222222222223,5.412
2022-09-27,10.042444444444445,7.146111111111111,8.252222222222223,5.412
2022-09-28,10.042444444444445,7.146111111111111,8.252222222222223,5.412
2022-09-29,10.042444444444445,7.146111111111111,8.252222222222223,5.412
2022-09-30,10.042444444444445,7.146111111111111,8.252222222222223,5.412
2022-10-01,9.883199999999999,5.7382,8.2414,4.6857999999999995
2022-10-02,9.883199999999999,5.7382,8.2414,4.6857999999999995
2022-10-03,7.891692307692308,4.755846153846154,6.908153846153846,4.074461538461539
2022-10-04,8.166266666666667,5.583733333333333,6.4372,4.232666666666667
2022-10-05,8.166266666666667,5.583733333333333,6.4372,4.232666666666667
2022-10-06,8.166266666666667,5.583733333333333,6.4372,4.232666666666667
2022-10-07,8.166266666666667,5.583733333333333,6.4372,4.232666666666667
2022-10-08,7.891692307692308,4.755846153846154,6.908153846153846,4.074461538461539
2022-10-09,7.891692307692308,4.755846153846154,6.908153846153846,4.074461538461539
2022-10-10,8.984117647058824,6.501176470588235,7.538941176470589,4.902941176470588
2022-10-11,8.984117647058824,6.501176470588235,7.538941176470589,4.902941176470588
2022-10-12,8.984117647058824,6.501176470588235,7.538941176470589,4.902941176470588
2022-10-13,8.984117647058824,6.501176470588235,7.538941176470589,4.902941176470588
2022-10-14,8.984117647058824,6.501176470588235,7.538941176470589,4.902941176470588
2022-10-15,8.659272727272727,5.29,7.172909090909091,4.257454545454546
2022-10-16,8.659272727272727,5.29,7.172909090909091,4.257454545454546
2022-10-17,8.4542,6.223,7.1363,4.6049
2022-10-18,8.4542,6.223,7.1363,4.6049
2022-10-19,8.4542,6.223,7.1363,4.6049
2022-10-20,8.4542,6.223,7.1363,4.6049
2022-10-21,8.4542,6.223,7.1363,4.6049
2022-10-22,8.9425,5.526,7.251,4.47575
2022-10-23,8.9425,5.526,7.251,4.47575
2022-10-24,8.732099999999999,6.4572,7.297499999999999,4.7836
2022-10-25,8.732099999999999,6.4572,7.297499999999999,4.7836
2022-10-26,8.732099999999999,6.4572,7.297499999999999,4.7836
2022-10-27,8.732099999999999,6.4572,7.297499999999999,4.7836
2022-10-28,8.732099999999999,6.4572,7.297499999999999,4.7836
2022-10-29,7.199249999999999,4.78425,5.97525,3.92575
2022-10-30,7.199249999999999,4.78425,5.97525,3.92575
2022-10-31,8.2274,6.3026,7.0648,4.5311
2022-11-01,8.2274,6.3026,7.0648,4.5311
2022-11-02,8.2274,6.3026,7.0648,4.5311
2022-11-03,8.2274,6.3026,7.0648,4.5311
2022-11-04,8.2274,6.3026,7.0648,4.5311
2022-11-05,7.545,4.96175,6.189,3.94325
2022-11-06,7.545,4.96175,6.189,3.94325
2022-11-07,6.4417,4.745900000000001,5.2991,3.527
2022-11-08,6.4417,4.745900000000001,5.2991,3.527
2022-11-09,6.4417,4.745900000000001,5.2991,3.527
2022-11-10,6.4417,4.745900000000001,5.2991,3.527
2022-11-11,6.4417,4.745900000000001,5.2991,3.527
2022-11-12,6.2975,4.35675,5.152,3.40775
2022-11-13,6.2975,4.35675,5.152,3.40775
2022-11-14,6.95,5.279999999999999,5.7941,3.7464
2022-11-15,6.95,5.279999999999999,5.7941,3.7464
2022-11-16,6.95,5.279999999999999,5.7941,3.7464
2022-11-17,6.95,5.279999999999999,5.7941,3.7464
2022-11-18,6.95,5.279999999999999,5.7941,3.7464
2022-11-19,5.46875,3.8705,4.21225,3.00975
2022-11-20,5.46875,3.8705,4.21225,3.00975
2022-11-21,5.5885,4.1878,4.5733,2.9124
2022-11-22,5.5885,4.1878,4.5733,2.9124
2022-11-23,5.5885,4.1878,4.5733,2.9124
2022-11-24,5.5885,4.1878,4.5733,2.9124
2022-11-25,5.5885,4.1878,4.5733,2.9124
2022-11-26,4.552,3.189,3.4305,2.41525
2022-11-27,4.552,3.189,3.4305,2.41525
2022-11-28,5.2411,3.8991,4.2238,2.6643
2022-11-29,5.2411,3.8991,4.2238,2.6643
2022-11-30,5.2411,3.8991,4.2238,2.6643
